1 0.903125 0.5375 0.08203125 0.13046875
1 0.88125 0.353125 0.10234375 0.078125
1 0.7328125 0.621875 0.115625 0.115625
1 0.66875 0.77734375 0.08671875 0.11796875
1 0.43984375 0.62890625 0.0765625 0.10859375
1 0.284375 0.76796875 0.0828125 0.128125
1 0.16328125 0.9703125 0.1109375 0.059375
1 0.1828125 0.45 0.1375 0.18359375
3 0.0296875 0.7953125 0.05859375 0.2625
3 0.80625 0.521875 0.14765625 0.16640625
3 0.81484375 0.2265625 0.1734375 0.253125
3 0.6640625 0.44140625 0.178125 0.253125
3 0.60625 0.69609375 0.0921875 0.196875
3 0.346875 0.5734375 0.14609375 0.16640625
3 0.209375 0.35 0.1875 0.25546875
3 0.30625 0.7109375 0.084375 0.14140625
3 0.175 0.88203125 0.06328125 0.153125
3 0.028125 0.63359375 0.05625 0.2359375