1 0.1375 0.06953125 0.07109375 0.0640625
1 0.02578125 0.1859375 0.0515625 0.08359375
1 0.1171875 0.271875 0.05 0.08046875
1 0.240625 0.315625 0.0515625 0.0515625
1 0.2640625 0.2265625 0.05703125 0.06953125
1 0.37265625 0.18125 0.078125 0.06796875
1 0.54375 0.271875 0.05703125 0.0734375
1 0.609375 0.21171875 0.05859375 0.07109375
1 0.7453125 0.22734375 0.03203125 0.06796875
1 0.784375 0.2671875 0.05703125 0.05703125
3 0.0375 0.28671875 0.07421875 0.1765625
3 0.1453125 0.121875 0.09921875 0.09140625
3 0.14921875 0.3453125 0.08125 0.1015625
3 0.225 0.3859375 0.04921875 0.13359375
3 0.25703125 0.284375 0.065625 0.11953125
3 0.3671875 0.259375 0.065625 0.12109375
3 0.5703125 0.34765625 0.078125 0.134375
3 0.6140625 0.284375 0.06796875 0.1375
3 0.74375 0.30703125 0.0390625 0.15
3 0.790625 0.35390625 0.06171875 0.13046875