1 0.96484375 0.40234375 0.0703125 0.090625
1 0.6515625 0.4140625 0.0328125 0.05546875
1 0.62421875 0.3796875 0.0484375 0.04609375
1 0.6 0.3890625 0.02890625 0.0640625
1 0.57109375 0.38671875 0.046875 0.084375
1 0.5328125 0.403125 0.0484375 0.06640625
1 0.453125 0.4578125 0.0359375 0.0734375
1 0.7125 0.4421875 0.05 0.07890625
3 0.453125 0.546875 0.06875 0.146875
3 0.96640625 0.52578125 0.0671875 0.1828125
3 0.6296875 0.521875 0.0671875 0.15859375
3 0.5984375 0.4609375 0.01953125 0.10546875
3 0.575 0.46796875 0.0265625 0.1140625
3 0.5296875 0.525 0.075 0.18359375