1 0.3734375 0.49375 0.05390625 0.06796875
1 0.4390625 0.48046875 0.05546875 0.08046875
1 0.5125 0.48984375 0.04140625 0.0765625
1 0.5796875 0.503125 0.0484375 0.103125
1 0.6328125 0.50625 0.04765625 0.10703125
1 0.603125 0.59296875 0.07265625 0.075
1 0.4921875 0.52578125 0.05546875 0.065625
1 0.42109375 0.565625 0.065625 0.06796875
1 0.4046875 0.61640625 0.0640625 0.071875
1 0.4625 0.6046875 0.0546875 0.07109375
1 0.5296875 0.58984375 0.04921875 0.07109375
3 0.3734375 0.6015625 0.06953125 0.153125
3 0.4390625 0.553125 0.06640625 0.08046875
3 0.4953125 0.59375 0.0671875 0.08203125
3 0.5234375 0.5609375 0.05703125 0.09140625
3 0.578125 0.5640625 0.05859375 0.0890625
3 0.6375 0.61015625 0.0640625 0.1515625
3 0.403125 0.7375 0.0671875 0.178125
3 0.465625 0.71953125 0.07578125 0.1640625
3 0.53203125 0.715625 0.0765625 0.1984375
3 0.6015625 0.7140625 0.08515625 0.203125