1 0.1328125 0.42734375 0.03515625 0.0734375
1 0.18203125 0.43671875 0.0875 0.08203125
1 0.4796875 0.49453125 0.09921875 0.1140625
1 0.584375 0.46640625 0.0921875 0.09140625
1 0.68515625 0.44453125 0.078125 0.103125
1 0.784375 0.4140625 0.04921875 0.0859375
1 0.8484375 0.49140625 0.04296875 0.06640625
1 0.91875 0.509375 0.034375 0.0609375
3 0.1171875 0.55546875 0.05 0.178125
3 0.1859375 0.56640625 0.12421875 0.2
3 0.4796875 0.68046875 0.13515625 0.28046875
3 0.609375 0.590625 0.1171875 0.159375
3 0.69375 0.56015625 0.0796875 0.18203125
3 0.7421875 0.49453125 0.05625 0.1390625
3 0.77578125 0.53359375 0.053125 0.15859375
3 0.85 0.57890625 0.08359375 0.146875
3 0.91875 0.6109375 0.0484375 0.1390625
3 0.96171875 0.5953125 0.0765625 0.14296875