1 0.0828125 0.1296875 0.16484375 0.259375
1 0.165625 0.184375 0.07890625 0.18046875
1 0.2078125 0.18515625 0.06015625 0.165625
1 0.278125 0.103125 0.11640625 0.1375
1 0.2703125 0.21171875 0.11015625 0.1875
1 0.3546875 0.17265625 0.07109375 0.165625
1 0.42578125 0.1921875 0.11875 0.159375
1 0.4921875 0.203125 0.08203125 0.140625
1 0.56875 0.275 0.07890625 0.15546875
1 0.61328125 0.17578125 0.0796875 0.115625
1 0.659375 0.27890625 0.09453125 0.171875
1 0.73203125 0.2484375 0.1 0.15859375
1 0.7796875 0.25546875 0.04140625 0.0890625
1 0.79453125 0.27890625 0.0390625 0.08359375
1 0.3296875 0.18671875 0.04140625 0.08203125
1 0.83515625 0.24453125 0.0640625 0.096875
1 0.8640625 0.27890625 0.04453125 0.08359375
1 0.915625 0.271875 0.08046875 0.12109375
1 0.953125 0.265625 0.04453125 0.08359375
1 0.98359375 0.2609375 0.0328125 0.09375
3 0.140625 0.58125 0.27890625 0.6625
3 0.42890625 0.4546875 0.1734375 0.35390625
3 0.36640625 0.26328125 0.0984375 0.11796875
1 0.4625 0.246875 0.0390625 0.08046875
3 0.5015625 0.43203125 0.08203125 0.346875
3 0.57578125 0.5 0.1046875 0.4
3 0.909375 0.47109375 0.090625 0.31953125
3 0.97265625 0.490625 0.0546875 0.3125