3 0.7828125 0.634375 0.0625 0.14375
3 0.453125 0.5359375 0.06875 0.096875
3 0.66640625 0.52421875 0.0515625 0.0859375
3 0.28359375 0.56015625 0.0390625 0.0671875
3 0.37265625 0.53828125 0.0453125 0.0859375
3 0.13359375 0.57890625 0.0546875 0.1015625
3 0.63125 0.5203125 0.078125 0.09375
3 0.509375 0.5203125 0.065625 0.10625
3 0.753125 0.5359375 0.05 0.096875
0 0.1375 0.5953125 0.021875 0.021875
0 0.1828125 0.5390625 0.015625 0.021875
0 0.278125 0.5484375 0.015625 0.021875
0 0.309375 0.53671875 0.0125 0.0234375
0 0.4375 0.54765625 0.015625 0.0203125
0 0.51015625 0.55390625 0.0171875 0.0203125