1 0.0578125 0.25546875 0.05078125 0.1390625
1 0.1828125 0.215625 0.06640625 0.1234375
1 0.25703125 0.2484375 0.0484375 0.14453125
1 0.284375 0.2625 0.03671875 0.0859375
1 0.3609375 0.28125 0.04765625 0.09609375
1 0.528125 0.41953125 0.0609375 0.125
1 0.5359375 0.35078125 0.06640625 0.1234375
1 0.6171875 0.3734375 0.10546875 0.19453125
1 0.803125 0.23125 0.09140625 0.23203125
1 0.925 0.54140625 0.05859375 0.1609375
3 0.0625 0.36640625 0.09375 0.18046875
3 0.1828125 0.38046875 0.109375 0.20859375
3 0.25859375 0.38046875 0.0765625 0.196875
3 0.2953125 0.38515625 0.04140625 0.1875
3 0.36328125 0.403125 0.090625 0.16640625
3 0.52734375 0.47421875 0.0984375 0.17109375
3 0.571875 0.371875 0.06953125 0.22890625
3 0.7703125 0.4984375 0.275 0.33359375
3 0.784375 0.31953125 0.1734375 0.1390625
3 0.925 0.64765625 0.1078125 0.12109375