1 0.68984375 0.33203125 0.0265625 0.04453125
3 0.66796875 0.36640625 0.040625 0.078125
1 0.09375 0.08203125 0.0265625 0.046875
3 0.075 0.11171875 0.02578125 0.07890625
1 0.015625 0.1296875 0.02421875 0.04609375
1 0.371875 0.61015625 0.0234375 0.0484375
3 0.37109375 0.6390625 0.034375 0.071875
1 0.4515625 0.82734375 0.0265625 0.05390625
1 0.51953125 0.81640625 0.0234375 0.046875
3 0.54453125 0.84765625 0.0265625 0.0984375
1 0.5875 0.796875 0.025 0.05390625
3 0.57109375 0.8546875 0.025 0.0984375
1 0.98359375 0.32578125 0.0203125 0.065625
1 0.94140625 0.409375 0.0328125 0.06796875
1 0.9828125 0.796875 0.01953125 0.0625