1 0.03046875 0.39296875 0.0609375 0.1109375
1 0.1234375 0.384375 0.08125 0.0875
1 0.19453125 0.45546875 0.0640625 0.0796875
1 0.309375 0.39375 0.05 0.059375
1 0.4640625 0.4 0.04375 0.05625
1 0.51796875 0.41171875 0.0390625 0.0484375
1 0.5828125 0.42734375 0.04375 0.0453125
1 0.6625 0.38515625 0.04375 0.0453125
1 0.70546875 0.41953125 0.0515625 0.0734375
1 0.84453125 0.44453125 0.0734375 0.0796875
2 0.24609375 0.9890625 0.0609375 0.021875
2 0.33203125 0.95234375 0.0328125 0.0421875
2 0.36796875 0.94375 0.0453125 0.04375
2 0.4546875 0.8796875 0.025 0.0375
2 0.5109375 0.8734375 0.0375 0.0375
2 0.565625 0.83984375 0.028125 0.0328125
2 0.521875 0.83671875 0.028125 0.0265625
2 0.59296875 0.86171875 0.0453125 0.0390625
2 0.6328125 0.878125 0.034375 0.05
2 0.66484375 0.84921875 0.0421875 0.0359375
2 0.70234375 0.909375 0.0453125 0.028125
2 0.73203125 0.93046875 0.0484375 0.0359375