1 0.08515625 0.203125 0.0765625 0.084375
1 0.62421875 0.13515625 0.0578125 0.0640625
1 0.73671875 0.1296875 0.0609375 0.0625
1 0.8234375 0.41953125 0.05625 0.0671875
3 0.09453125 0.46015625 0.1703125 0.3328125
3 0.61953125 0.359375 0.1296875 0.265625
3 0.75390625 0.3359375 0.1296875 0.259375
3 0.8609375 0.61484375 0.134375 0.2328125
2 0.2265625 0.984375 0.08125 0.03125
2 0.7703125 0.80390625 0.0625 0.0453125
2 0.81171875 0.85078125 0.0703125 0.0515625
2 0.8984375 0.83359375 0.0375 0.0703125
2 0.67265625 0.80078125 0.0859375 0.0796875
2 0.11015625 0.9828125 0.0609375 0.034375