1 0.1609375 0.0515625 0.146875 0.103125
1 0.38671875 0.19765625 0.1640625 0.2171875
1 0.8 0.25546875 0.115625 0.1453125
1 0.9125 0.3421875 0.078125 0.071875
0 0.0796875 0.26328125 0.078125 0.1140625
0 0.10390625 0.44609375 0.0953125 0.1234375
0 0.28828125 0.628125 0.1140625 0.171875
0 0.415625 0.50625 0.090625 0.125
0 0.7078125 0.45703125 0.059375 0.1015625
0 0.73671875 0.55 0.0765625 0.075
0 0.87265625 0.378125 0.0484375 0.05625
0 0.9015625 0.5453125 0.05625 0.065625
2 0.05390625 0.8234375 0.1078125 0.146875
2 0.10703125 0.875 0.1046875 0.159375
2 0.215625 0.88671875 0.115625 0.1671875
2 0.39765625 0.89453125 0.1015625 0.1515625
2 0.58828125 0.7921875 0.0734375 0.11875
2 0.6546875 0.79296875 0.1 0.0921875
2 0.78828125 0.7015625 0.0671875 0.0875
2 0.8375 0.70078125 0.075 0.0765625