1 0.053125 0.2390625 0.090625 0.109375
1 0.3046875 0.26328125 0.103125 0.0921875
1 0.5140625 0.2765625 0.103125 0.09375
1 0.7109375 0.25703125 0.103125 0.1046875
1 0.9140625 0.14921875 0.125 0.1296875
3 0.08359375 0.44453125 0.1671875 0.3265625
3 0.31484375 0.45234375 0.1734375 0.3234375
3 0.5171875 0.465625 0.184375 0.2875
3 0.71015625 0.459375 0.1703125 0.30625
2 0.01640625 0.8109375 0.0328125 0.11875
2 0.08125 0.82265625 0.084375 0.1171875
2 0.26171875 0.7765625 0.1109375 0.109375
2 0.31953125 0.80546875 0.1078125 0.1171875
2 0.490625 0.76484375 0.103125 0.0984375
2 0.534375 0.81015625 0.096875 0.0984375
2 0.65625 0.80703125 0.09375 0.0765625
2 0.7 0.84609375 0.103125 0.0921875
2 0.86171875 0.8484375 0.1234375 0.10625
2 0.91015625 0.88515625 0.1515625 0.1171875
0 0.04453125 0.609375 0.0765625 0.109375
0 0.27578125 0.58125 0.0671875 0.09375
0 0.47265625 0.5640625 0.0640625 0.096875
0 0.64921875 0.54375 0.0609375 0.075
0 0.86015625 0.5546875 0.1109375 0.109375